needle	sample	gc_lower	gc_upper	depth_lower	depth_upper
11116931411169434	33	0	0	33	0
11116935211169472	37	0	0	37	0
11118778711187907	73	0	61	38	0
1114944024114944144	35	0	0	35	0
1115247090115247210	100	0	0	100	0
1115251113115251233	38	0	0	38	0
1115251152115251272	37	0	0	36	1
1115251153115251273	37	0	0	36	1
1115252166115252286	32	0	0	30	2
1115252184115252304	32	0	0	30	2
1115252190115252310	32	0	0	30	2
1115252236115252356	33	0	0	33	0
1115252292115252412	41	0	0	41	0
1115256431115256551	38	0	0	38	0
1115256470115256590	99	0	87	54	0
1115258680115258800	55	0	0	55	0
1115258686115258806	55	0	1	54	0
11185630611856426	70	0	0	70	0
1154130137154130257	53	0	0	53	0
1154141799154141919	44	0	0	43	1
1154145617154145737	61	0	0	61	0
1162737032162737152	42	0	0	42	0
1162748330162748450	55	0	0	55	0
12091564120915761	93	0	0	93	0
12093141420931534	43	0	0	43	0
12710587127105991	76	0	0	76	0
12710674427106864	84	0	5	83	0
14381494943815069	87	0	5	85	0
16530693765307057	65	0	0	65	0
16532577265325892	63	0	0	63	0
16533899265339112	60	0	0	60	0
19791555497915674	47	0	2	46	0
2109374944109375064	65	0	0	65	0
2109375451109375571	78	0	0	78	0
2109376531109376651	84	3	0	84	0
2209113053209113173	76	0	0	76	0
2212483940212484060	45	0	0	45	0
2212578239212578359	61	1	0	60	0
2216191641216191761	45	0	0	45	0
2216260328216260448	70	0	0	70	0
2234668821234668941	75	9	0	70	0
22941609329416213	35	0	0	35	0
22941614129416261	34	0	0	33	1
22941623629416356	41	0	0	39	2
22941629929416419	41	0	0	40	1
22941631529416435	41	0	0	40	1
22941634629416466	40	0	0	39	1
22941640429416524	37	0	0	36	1
22941642129416541	37	0	0	36	1
22941646729416587	50	0	13	39	1
22941648229416602	44	0	3	41	0
22941655829416678	52	0	7	45	0
22941670129416821	43	0	7	41	0
22941959029419710	97	4	1	96	0
22942035529420475	72	0	36	56	0
22942041329420533	49	0	1	48	0
22942044129420560	45	0	0	45	0
22943260429432724	40	0	0	40	0
22943262229432742	37	0	0	37	0
22943266629432786	59	0	29	39	0
22943680529436925	63	0	0	63	0
22944353229443652	61	0	20	50	0
22944354729443667	49	0	0	49	0
22944356929443689	46	0	0	46	0
22944361529443735	45	0	1	44	0
22944362929443749	44	0	0	44	0
22944363729443757	48	0	4	44	0
22944457729444697	46	0	0	46	0
22944464629444766	45	0	0	45	0
22944482229444942	64	0	0	64	0
22944507929445199	34	0	0	33	1
22944514429445264	39	0	0	38	1
22944516329445283	44	0	1	42	1
22944520629445326	47	0	1	46	0
22944529329445413	41	0	0	40	1
22944531629445436	46	0	0	45	1
22944536829445488	60	0	0	60	0
22944580229445922	46	0	5	40	1
22944589329446013	29	0	0	25	4
22944593429446054	33	0	0	29	4
22944597329446093	32	0	0	29	3
22944603629446156	34	0	0	31	3
22944610329446223	34	0	0	31	3
22944612829446248	34	0	0	31	3
22944616929446289	32	0	0	29	3
22944618529446305	32	0	0	29	3
22944621429446334	28	0	0	26	2
22944624329446363	26	0	0	23	3
22944626629446386	26	0	0	23	3
22944628829446408	27	0	0	25	2
22944629729446417	28	0	0	27	1
22944631329446433	31	0	0	31	0
22944633329446453	39	0	0	39	0
22944825429448374	57	0	2	56	0
22944831029448430	42	0	0	42	0
22944835029448470	42	0	0	42	0
22944837029448490	49	0	4	46	0
22944974929449869	35	0	0	27	8
22944986329449983	59	8	0	59	0
22945045029450570	88	0	0	88	0
22945170229451822	88	0	24	79	0
22945172429451844	82	0	17	74	0
22945175529451875	72	0	0	72	0
22945177929451899	73	0	0	73	0
22945182529451945	73	0	0	73	0
22945185429451974	77	0	0	77	0
22945512929455249	42	0	0	42	0
22945516329455283	42	0	0	42	0
22945520029455320	46	0	0	46	0
22945522829455348	62	0	31	50	0
22946261229462732	66	0	0	66	0
22949791529498035	37	0	0	36	1
22949794629498066	34	0	0	32	2
22949797829498098	33	0	0	33	0
22949801829498138	42	0	0	42	0
22949828629498406	69	0	0	69	0
22951975429519874	32	0	0	30	2
22951975829519878	31	0	0	29	2
22951982429519944	38	0	0	36	2
22951984029519960	39	0	0	39	0
22954116029541280	56	0	0	56	0
22954366229543782	56	0	0	56	0
22955116929551289	48	0	0	48	0
22955121129551331	35	0	0	34	1
22955125429551374	37	0	0	37	0
22955127829551398	43	0	0	43	0
22960655429606674	37	0	0	36	1
22960661929606739	33	0	0	30	3
22960664129606761	41	0	3	37	2
22975475029754870	55	0	18	41	0
22975483629754956	36	0	0	35	1
22975484829754968	34	0	0	33	1
22975488229755002	36	0	0	35	1
22975491229755032	39	0	2	38	0
22991772929917849	44	0	0	44	0
22991777329917893	45	0	2	43	0
22991779829917918	82	0	58	45	0
22994047429940594	48	0	0	48	0
23014283230142952	59	0	0	59	0
23014284930142969	59	0	0	59	0
23014295330143073	65	0	0	65	0
23014343930143559	86	0	12	80	0
23713270137132821	45	0	0	45	0
23713501837135137	77	33	2	64	0
23713518437135304	50	0	0	50	0
23713951437139634	45	0	0	44	1
24247276742472887	42	0	0	42	0
24249181242491932	91	0	0	91	0
24249203142492151	41	0	0	41	0
24249265942492779	69	0	0	69	0
24252259642522716	45	0	0	45	0
24252304342523163	80	0	58	45	1
24252408142524201	63	0	0	63	0
24252517142525291	65	0	0	65	0
24252619642526316	54	0	0	54	0
24252847242528592	69	0	0	69	0
24253030942530429	63	0	0	63	0
24253163142531751	40	0	0	40	0
24253415342534273	69	0	0	69	0
24254313042543250	56	0	0	56	0
24254378442543904	35	0	0	34	1
24255261442552733	102	0	86	101	0
24255281642552936	74	0	0	74	0
24255317942553299	81	0	0	81	0
27459069574590815	70	0	0	69	1
27459519874595318	53	0	0	52	1
3100447642100447762	35	0	0	34	1
3100454013100454132	58	0	0	58	0
3100455500100455620	38	0	0	37	1
3178916816178916936	36	0	0	35	1
3178936029178936149	34	0	0	32	2
3178936043178936163	35	0	0	33	2
3178938874178938994	42	0	0	40	2
3178952025178952145	46	0	0	45	1
33704245237042572	46	0	0	46	0
33707028837070408	58	0	0	58	0
34126604541266165	37	0	0	37	0
34126607141266191	39	0	0	39	0
34126690441267024	42	0	0	42	0
34126870641268826	50	0	0	50	0
4153245333153245453	50	0	0	50	0
4153247229153247349	35	0	0	34	1
4153247306153247426	39	0	1	34	5
4153249325153249445	47	0	0	47	0
417370271737147	96	0	0	96	0
417373981737518	94	0	0	94	0
417389301739050	51	0	0	51	0
417392651739385	91	0	20	84	0
417398581739978	73	0	1	73	0
417399101740030	77	0	0	77	0
418035161803636	87	0	17	77	0
418035251803645	79	0	8	74	0
418036891803809	70	0	0	70	0
418060351806155	93	0	9	87	0
418086011808721	89	0	27	75	0
418086341808754	78	0	12	68	0
418086641808784	72	0	6	68	0
418087051808825	77	0	15	70	0
418087461808866	75	0	8	73	0
418089061809026	88	0	22	79	0
42566589225666012	49	0	0	49	0
42567826425678384	64	0	0	64	0
45512490755125027	54	0	0	54	0
45512726255127382	43	0	0	43	0
45512980755129927	33	0	0	33	0
45512982755129947	32	0	0	32	0
45512986655129986	33	0	0	32	1
45512998355130103	52	0	12	39	3
45513001855130138	77	0	52	43	0
45513105655131176	57	0	0	57	0
45513108755131207	54	0	0	54	0
45513347355133593	43	0	0	43	0
45513350155133621	40	0	0	40	0
45513366655133786	37	0	0	37	0
45513374455133864	34	0	0	33	1
45513379155133911	37	0	3	35	0
45513854455138664	32	0	0	32	0
45513860155138721	68	0	45	38	0
45513968855139808	44	0	19	37	1
45513972955139849	35	0	0	33	2
45513975055139870	36	0	0	34	2
45513977455139894	37	0	0	35	2
45513980155139921	38	0	0	37	1
45514065755140777	49	0	0	49	0
45514095455141074	34	0	0	34	0
45514098455141104	34	0	0	33	1
45514099955141119	34	0	0	33	1
45514107455141194	39	0	0	39	0
45514350555143625	43	0	0	43	0
45514358855143708	48	0	0	48	0
45514408855144208	38	0	0	38	0
45514450755144627	61	0	0	61	0
45514452955144649	57	0	0	57	0
45514453755144657	57	0	0	57	0
45514649455146614	32	0	0	30	2
45514653155146651	30	0	0	27	3
45514656855146688	33	0	0	30	3
45514659055146710	34	0	2	33	1
45515194955152069	37	0	0	37	0
45515198055152100	35	0	0	35	0
45515203155152151	36	0	0	36	0
45515204955152169	37	0	0	37	0
45515206955152189	40	0	0	40	0
45515354955153669	31	0	0	28	3
45515363555153755	38	0	0	38	0
45515491655155036	39	0	0	39	0
45515495455155074	45	0	0	45	0
45515498855155108	64	7	0	62	0
45515657655156696	42	0	0	42	0
45515663555156755	54	0	0	54	0
45516125855161378	41	0	0	41	0
45516135955161479	44	0	0	44	0
45552408555524205	84	0	0	84	0
45552413455524254	88	0	6	86	0
45556170855561828	31	0	0	28	3
45556174155561861	35	0	0	21	14
45556177255561892	40	0	0	21	19
45556180255561922	41	0	0	20	21
45556182955561949	40	0	0	20	20
45556187655561996	39	0	18	24	3
45556441955564539	50	0	0	50	0
45556464255564762	46	0	0	46	0
45556574255565862	36	0	0	36	0
45556577255565892	37	0	0	37	0
45556984455569964	67	0	44	34	0
45556988555570005	29	0	0	25	4
45556991355570033	29	0	0	22	7
45556997655570096	31	0	0	27	4
45557336555573485	68	0	0	68	0
45558971455589834	47	0	0	47	0
45558977355589893	38	0	0	38	0
45559199955592119	29	0	0	28	1
45559202055592140	30	0	0	29	1
45559208955592209	31	0	0	31	0
45559211955592239	43	0	22	38	0
45559337055593490	50	2	0	50	0
45559339855593518	40	2	0	40	0
45559352555593645	34	0	0	32	2
45559353255593652	34	0	0	32	2
45559354855593668	33	0	0	31	2
45559358655593706	30	0	0	28	2
45559360655593726	31	0	0	29	2
45559364455593764	31	0	0	30	1
45559364555593765	32	0	0	31	1
45559414355594263	44	0	0	44	0
45559416355594283	37	0	0	37	0
45559417255594292	37	0	0	37	0
45559419855594318	37	0	0	37	0
45559545955595579	31	0	0	27	4
45559549055595610	29	0	0	25	4
45559553955595659	30	0	0	26	4
45559557655595696	28	0	0	28	0
45559558555595705	30	0	0	30	0
45559743655597556	44	0	0	44	0
45559800355598123	37	0	0	36	1
45559803755598157	38	0	0	38	0
45559917755599297	36	0	10	35	0
45559920555599325	33	0	0	29	4
45559924855599368	34	0	0	25	9
45559927055599390	36	0	0	22	14
45559928455599404	36	0	0	21	15
45559929755599417	36	0	0	21	15
45559934155599461	34	0	0	30	4
45560260455602724	36	0	3	34	2
45560261255602732	34	0	0	31	3
45560270555602825	32	0	0	30	2
45560291355603033	38	0	0	38	0
45560329355603413	38	0	0	38	0
45560453855604658	49	0	0	49	0
45560457555604695	54	0	0	54	0
45595580355955923	36	0	0	36	0
45595590955956029	37	0	2	35	0
45595615355956273	35	0	0	35	0
45596099955961119	38	0	0	38	0
45596104355961163	49	0	15	38	0
45596486555964985	41	0	0	41	0
45596812055968240	52	0	8	44	0
45597285455972974	45	0	2	45	0
45597390455974024	63	0	0	63	0
45597657055976690	45	0	0	45	0
48375245983752578	47	0	0	46	1
5112116532112116652	51	0	0	51	0
5112170618112170738	67	0	0	67	0
5112173857112173977	50	0	0	50	0
5112174571112174691	37	0	0	36	1
5112175154112175274	33	0	0	33	0
5112175288112175408	35	0	0	35	0
5112175363112175483	38	0	0	38	0
5112175579112175699	33	0	0	33	0
5112175895112176015	54	0	0	54	0
5112179642112179762	47	0	0	47	0
5149782815149782935	70	0	0	70	0
5159521012159521132	66	0	7	66	0
5170818743170818863	61	0	0	61	0
5170819038170819158	75	0	0	75	0
5170819483170819603	77	25	2	69	0
5170819522170819642	71	6	2	68	0
5170819608170819728	74	5	0	72	0
5170819640170819760	89	30	0	76	0
5170837487170837607	84	40	0	56	0
5179252166179252286	72	0	0	72	0
53899105138991171	42	0	0	41	1
53900263639002756	41	0	0	41	0
53902112939021249	49	0	0	48	1
6117609463117609583	40	0	1	39	1
6117609714117609834	37	0	0	36	1
6117609801117609921	38	0	0	37	1
6117622087117622207	41	0	0	40	1
6117622089117622209	41	0	0	40	1
6117622122117622242	38	0	0	34	4
6117622144117622264	38	0	0	34	4
6117622173117622293	41	3	0	36	4
6117622219117622339	41	0	0	40	1
6117629915117630035	49	0	0	48	1
6117631196117631316	35	0	0	32	3
6117631233117631353	33	0	0	30	3
6117631328117631448	79	60	0	41	1
6117631371117631491	74	0	68	54	1
6117632137117632257	37	0	0	36	1
6117632157117632277	33	0	0	32	1
6117632203117632323	38	0	0	37	1
6117638270117638390	50	0	0	49	1
6117639326117639446	39	0	0	38	1
6117640141117640261	54	0	0	53	1
6117640991117641111	33	0	2	32	1
6117641028117641148	33	0	2	30	3
6117641114117641234	34	0	0	31	3
6117641132117641252	35	0	0	33	2
6117641875117641995	77	0	0	76	1
6117642426117642546	56	2	7	50	1
6117642496117642616	91	0	82	65	1
6117644773117644893	77	0	0	77	0
6117645482117645602	77	2	0	76	1
6117645504117645624	79	0	0	78	1
6117645517117645637	91	41	0	80	1
6117647485117647605	46	0	0	45	1
6117650443117650563	41	0	0	40	1
6117650466117650586	40	0	0	39	1
6117650490117650610	51	13	0	41	1
6117650498117650618	57	25	0	41	1
6117658314117658434	36	0	0	35	1
6117658335117658455	37	0	0	32	5
6117658338117658458	37	0	0	32	5
6117658408117658528	39	0	0	34	5
6117662253117662373	77	0	51	41	1
6117662317117662437	35	0	0	34	1
6117662603117662723	40	0	0	39	1
6117662699117662819	33	0	0	32	1
6117663517117663637	40	0	0	39	1
6117663557117663677	44	0	0	43	1
6117665222117665342	38	0	5	32	1
6117665339117665459	80	0	67	37	1
6117677908117678028	35	0	0	34	1
6117677995117678115	41	0	0	40	1
6117680985117681105	33	0	0	32	1
6117681022117681142	36	0	0	35	1
6117681081117681201	38	0	0	37	1
6117683765117683885	34	0	0	31	3
6117683821117683941	35	0	0	34	1
6117683936117684056	40	0	0	39	1
6117686191117686311	34	0	0	33	1
6117686300117686420	79	0	60	42	1
6117686692117686812	35	0	2	32	1
6117686739117686859	34	0	0	31	3
6117686843117686963	41	0	0	40	1
6117687332117687452	53	0	0	52	1
6117700172117700292	41	0	0	40	1
6117704447117704567	97	0	72	50	1
6117706799117706919	47	0	1	46	1
6117706918117707038	37	0	1	36	1
6117708028117708148	38	0	0	37	1
6117708101117708221	38	0	0	37	1
6117708980117709100	49	18	0	35	1
6117709036117709156	31	0	0	28	3
6117709098117709218	35	0	0	34	1
6117709123117709243	40	0	0	39	1
6117710486117710606	43	0	1	41	1
6117710530117710650	41	2	0	40	1
6117710629117710749	37	0	0	34	3
6117710673117710793	32	0	0	29	3
6117710728117710848	30	0	0	27	3
6117710870117710990	36	0	0	34	2
6117710932117711052	37	0	2	35	2
6117714385117714505	53	0	0	52	1
6117715279117715399	36	0	0	35	1
6117715325117715445	51	14	0	36	1
6117715770117715890	68	0	0	67	1
6117718018117718138	32	0	0	31	1
6117718096117718216	30	0	0	27	3
6117718186117718306	31	0	0	30	1
6117718217117718337	37	0	1	36	1
6117724366117724486	49	0	0	48	1
6117725468117725588	58	0	0	58	0
6117730737117730857	51	0	0	50	1
6117737411117737531	33	0	0	31	2
6117746704117746824	36	0	0	35	1
6117746742117746862	42	0	0	41	1
6117884487117884607	69	0	0	68	1
6117886791117886911	38	0	0	35	3
6117886889117887009	54	0	0	53	1
6117894735117894855	55	0	0	54	1
6117895557117895677	69	0	2	68	1
6152265395152265515	61	0	0	61	0
6152332818152332938	33	0	0	31	2
6152415477152415597	40	0	0	39	1
6152419860152419980	69	0	0	69	0
6159190916159191036	60	0	0	60	0
6159191123159191243	63	0	0	63	0
7116339219116339339	30	0	0	29	1
7116339247116339367	31	0	0	28	3
7116339322116339442	36	1	0	33	2
7116339486116339606	35	0	0	32	3
7116339638116339758	34	0	3	27	4
7116339749116339869	30	0	0	27	3
7116339965116340085	31	0	0	27	4
7116340030116340150	37	10	0	26	4
7116340057116340177	35	0	0	33	2
7116371722116371842	30	0	0	29	1
7116371743116371863	34	0	0	33	1
7116379985116380105	33	0	0	31	2
7116380004116380124	34	0	0	33	1
7116380906116381026	35	0	0	32	3
7116380939116381059	33	0	0	30	3
7116381008116381128	87	0	66	43	0
7116397483116397603	39	0	0	39	0
7116397652116397772	33	0	0	32	1
7116397681116397801	91	0	76	39	1
7116399413116399533	33	0	0	32	1
7116403231116403351	48	0	0	48	0
7116409645116409765	87	53	0	57	0
7116409764116409884	35	0	0	35	0
7116411615116411735	37	0	0	36	1
7116411635116411755	37	0	0	37	0
7116411930116412050	39	0	0	37	2
7116411985116412105	38	0	0	38	0
7116414883116415003	40	0	2	40	0
7116415054116415174	37	0	0	37	0
7116415055116415175	37	0	0	37	0
7116417393116417513	32	0	0	30	2
7116417403116417523	32	0	0	30	2
7116417421116417541	32	0	0	31	1
7116418872116418992	35	0	0	34	1
7116418937116419057	34	0	0	34	0
7116422057116422177	34	0	0	32	2
7116422072116422192	29	0	0	28	1
7116423296116423416	32	0	2	31	1
7116423351116423471	30	0	0	28	2
7116423371116423491	30	0	0	28	2
7116423414116423534	29	0	0	28	1
7116435708116435828	35	2	0	30	4
7116435772116435892	36	0	0	33	3
7116435902116436022	35	0	0	33	2
7116435966116436086	35	0	0	33	2
7116436037116436157	32	0	0	28	4
7116436077116436197	32	0	0	31	1
7128845991128846111	57	0	0	57	0
7128846305128846425	71	0	0	71	0
7128849129128849249	46	0	0	46	0
7128850204128850324	55	0	11	44	0
7128850281128850401	80	0	37	58	0
7128851533128851653	75	0	0	75	0
7138239651138239771	56	0	7	53	0
7140434353140434473	35	0	0	34	1
7140434415140434535	39	0	0	39	0
7140434465140434585	65	6	0	61	0
7140439612140439732	38	0	0	36	2
7140439659140439779	35	0	2	32	1
7140449087140449207	46	0	0	45	1
7140449090140449210	46	0	0	45	1
7140453074140453194	33	0	0	31	2
7140453078140453198	32	0	0	30	2
7140453102140453222	32	0	0	30	2
7140453133140453253	34	0	0	33	1
7140453962140454082	39	0	0	38	1
7140476659140476779	33	0	0	32	1
7140476696140476816	29	0	0	25	4
7140476726140476846	29	0	0	25	4
7140476801140476921	89	0	85	32	1
7140477802140477922	44	0	3	44	0
7140481343140481463	37	0	0	35	2
7140481348140481468	36	0	0	34	2
7140482870140482990	50	0	14	47	1
7140494103140494223	49	0	0	49	0
7140500113140500233	41	0	0	41	0
7140501154140501274	78	0	60	35	1
7140501202140501322	33	0	0	28	5
7140501245140501365	35	0	0	28	7
7140501290140501410	38	0	18	30	1
7140534394140534514	34	0	0	31	3
7140534460140534580	33	0	0	30	3
7140549947140550067	82	0	0	82	0
75521099855211118	39	1	0	37	1
75521102955211149	39	0	0	38	1
75521104455211164	40	0	0	39	1
75521428855214408	41	0	0	40	1
75521433355214453	41	0	0	40	1
75521895855219078	44	0	3	40	1
75522023055220350	71	0	34	44	1
75522026555220385	44	0	0	43	1
75522028855220408	47	0	0	46	1
75522165155221771	57	0	0	56	1
75522170455221824	48	0	0	47	1
75522176655221886	61	0	0	60	1
75522348055223600	42	0	6	38	1
75522351355223633	37	0	1	35	1
75522354455223664	37	0	0	36	1
75522417055224290	35	0	0	34	1
75522421055224330	34	0	0	31	3
75522425055224370	34	0	0	31	3
75522428055224400	31	0	0	30	1
75522440155224521	31	0	0	28	3
75522444955224569	37	0	5	32	1
75522532055225440	41	0	0	40	1
75522918055229300	67	0	3	63	1
75523138255231502	37	0	0	36	1
75523145455231574	39	0	0	38	1
75523293055233050	51	0	14	41	1
75523298355233103	44	0	0	43	1
75523802755238147	40	0	6	37	1
75523814055238260	55	0	0	54	1
75523881855238938	37	0	1	36	1
75523884055238960	38	0	0	37	1
75524050855240628	49	1	3	45	1
75524063155240751	49	0	0	48	1
75524155555241675	45	0	0	44	1
75524161955241739	35	0	0	34	1
75524165555241775	38	0	0	37	1
75524167555241795	47	8	0	38	1
75524236355242483	36	0	0	34	2
75524240455242524	37	0	0	36	1
75524241655242536	39	0	0	38	1
75524893655249056	42	0	0	41	1
75524895355249073	40	0	0	39	1
75524896955249089	39	0	0	38	1
75524900755249127	39	1	0	37	1
75524901155249131	38	1	0	36	1
75524902755249147	37	0	0	36	1
75524903155249151	37	0	0	36	1
75524907455249194	38	0	0	33	5
75524910555249225	37	0	0	36	1
75525937055259490	40	0	1	38	1
75525938955259509	35	0	0	33	2
75525943355259553	32	0	0	29	3
75525946455259584	35	0	0	33	2
75525949055259610	39	0	0	38	1
75525949655259616	40	0	0	39	1
75526635455266474	85	0	64	32	1
75526640655266526	33	0	0	30	3
75526645455266574	35	0	0	33	2
75526797255268092	35	0	0	32	3
75526804455268164	39	0	0	38	1
75526896655269086	44	0	0	28	16
75526938855269508	32	0	0	31	1
75527023855270358	40	0	0	39	1
75527290655273026	58	0	9	48	1
75527303255273152	41	0	0	39	2
75527307555273195	40	0	0	39	1
75527322055273340	43	0	0	42	1
77516748575167605	35	0	0	35	0
77517123975171359	36	0	0	36	0
78713858587138705	63	0	20	52	0
78716055887160678	63	0	17	62	0
79225233092252450	79	0	0	79	0
79795334997953469	46	0	0	46	0
83828364038283760	53	0	0	53	0
83828543938285559	47	0	0	47	0
83831487438314994	60	0	12	49	0
84282329742823417	30	0	0	29	1
9133729450133729570	39	0	0	39	0
9133729451133729571	39	0	0	39	0
9133729477133729597	41	0	0	41	0
9133729509133729629	53	0	6	51	0
9133730185133730305	37	0	0	37	0
9133730188133730308	37	0	0	37	0
9133730205133730325	41	0	0	41	0
9133730402133730522	62	2	0	62	0
9133738150133738270	47	0	0	47	0
9133738157133738277	47	0	0	47	0
9133738237133738357	42	0	0	42	0
9133738280133738400	48	0	3	45	0
9133738300133738420	50	0	3	47	0
9133738306133738426	56	0	5	51	0
9133738317133738437	56	0	4	53	0
9133738351133738471	67	0	0	67	0
9133747460133747580	39	0	0	39	0
9133747463133747583	39	0	0	39	0
9133747478133747598	39	0	0	39	0
9133747506133747626	40	0	0	40	0
9133747527133747647	72	39	0	44	0
9133747528133747648	72	35	0	44	0
9133748215133748335	37	0	0	37	0
9133748227133748347	37	0	0	37	0
9133748234133748354	37	0	0	37	0
9133748256133748376	34	0	0	34	0
9133748299133748419	34	0	0	34	0
9133748317133748437	38	0	0	38	0
9133748337133748457	40	0	0	40	0
9133748355133748475	45	4	0	42	0
9133750196133750316	40	0	0	40	0
9133750206133750326	38	0	0	38	0
9133750237133750357	35	0	0	35	0
9133750255133750375	35	0	0	35	0
9133750263133750383	35	0	0	35	0
9133750296133750416	34	0	0	34	0
9133750300133750420	34	0	0	34	0
9133750332133750452	35	0	0	35	0
9133750362133750482	36	0	0	36	0
9133753776133753896	37	0	0	37	0
9133753778133753898	39	0	2	37	0
9133753811133753931	35	0	0	34	1
9133753838133753958	34	0	0	34	0
9133753846133753966	36	0	0	36	0
9133755420133755540	41	0	0	41	0
9133755454133755574	43	0	0	43	0
9133755858133755978	70	0	1	70	0
9133759319133759439	36	0	2	36	0
9133759347133759467	39	2	0	38	1
9133759425133759545	35	0	0	33	2
9133759431133759551	35	0	0	33	2
9133759438133759558	35	0	0	33	2
9133759526133759646	46	0	7	41	0
9133759638133759758	65	2	6	60	0
9133759912133760032	51	0	8	45	0
9133760047133760167	47	0	3	44	0
9133760101133760221	48	0	7	43	0
9133760238133760358	54	0	10	44	0
9133760313133760433	70	0	4	67	0
9133760528133760648	66	0	9	62	0
9133760562133760682	61	0	10	54	0
9133760670133760790	51	0	0	51	0
9133760941133761061	83	0	59	51	0
9135780997135781117	62	0	0	62	0
9139390589139390709	93	0	12	91	0
9139395162139395282	88	0	6	86	0
92196775221967872	65	0	10	64	0
92197090121971021	80	0	3	77	0
92197106021971180	86	0	6	84	0
950737105073830	48	0	0	47	1
98040942880409548	40	0	2	38	0
98041243380412553	48	0	0	48	0
98053705280537172	38	0	0	38	0
98053719680537316	36	0	0	36	0
10118680967118681087	49	0	0	49	0
10123244909123245029	51	0	0	51	0
10123247505123247625	66	0	0	66	0
10123256046123256166	38	0	0	38	0
10123298166123298286	42	0	0	42	0
103230452732304647	49	0	2	47	0
103230489932305019	55	0	0	55	0
103230622732306347	34	0	0	34	0
103230637932306499	50	0	0	50	0
103230702432307144	94	0	85	58	0
103231015532310275	63	0	0	63	0
103231112532311245	58	0	0	58	0
103231145932311579	33	0	0	33	0
103231160132311721	72	0	0	72	0
103231190432312024	61	0	18	60	0
103231410832314228	32	0	0	32	0
103231438132314501	55	0	0	55	0
104359597943596099	64	0	2	62	0
104359600343596123	62	0	1	61	0
104359602743596147	64	0	2	62	0
104359773343597853	69	2	0	69	0
104359792143598041	45	0	0	45	0
104359792243598042	45	0	0	45	0
104359800543598125	48	2	0	48	0
104360038943600509	87	0	6	85	0
104360042643600546	88	0	9	83	0
104360055143600671	91	0	17	83	0
104360180643601926	79	0	0	79	0
104360183343601953	79	0	4	77	0
104360668343606803	45	0	5	40	0
104360676543606885	43	0	0	43	0
104360681843606938	64	0	0	64	0
104360754743607667	71	0	5	68	0
104360825143608371	59	0	0	59	0
104360828843608408	52	0	0	52	0
104360829643608416	51	0	0	51	0
104360897643609096	81	0	14	69	0
104360900443609124	74	0	5	70	0
104360902843609148	75	0	2	73	0
104360986843609988	79	0	51	49	0
104360988643610006	72	0	42	47	0
104360988843610008	72	0	42	48	0
104360998543610105	57	0	12	47	0
104361002943610149	46	0	6	39	1
104361010443610224	41	0	2	37	2
104361012443610244	43	0	5	38	0
104361018743610307	52	0	5	48	0
104361030243610422	64	0	0	64	0
104361038143610501	77	0	6	73	0
104361040243610522	80	0	9	73	0
104361116543611285	39	0	0	39	0
104361123143611351	44	0	0	44	0
104361153043611650	60	0	8	56	0
104361165443611774	68	0	1	67	0
104361196643612086	77	0	0	77	0
104361381143613931	36	0	0	36	0
104361385343613973	31	0	0	31	0
104361493543615055	75	0	6	71	0
104361498843615108	64	0	7	60	0
104361507243615192	79	0	46	56	0
104361510843615228	75	0	0	75	0
104361551743615637	44	0	0	44	0
104361556743615687	41	3	0	40	0
104361733743617457	43	0	0	43	0
104361735643617476	42	0	0	42	0
104361735843617478	42	0	0	42	0
104361915543619275	69	0	0	69	0
104362035643620476	59	0	0	59	0
105158225451582374	71	0	0	71	0
105158240851582528	64	0	0	64	0
105158287951582999	41	1	0	40	0
105158290051583020	43	0	3	40	0
105158409451584214	97	0	0	97	0
106155365761553777	71	0	0	71	0
106159235161592471	41	0	0	41	0
106161240061612520	77	18	0	71	0
106161351161613631	85	0	0	85	0
107586505175865171	58	0	0	58	0
108969284589692965	31	0	0	31	0
108969293389693053	51	0	0	51	0
108971190689712026	51	0	0	51	0
108971761289717732	31	0	0	31	0
108971765689717776	31	0	0	31	0
108971771389717833	41	0	0	41	0
108972074989720869	54	0	0	54	0
11108126928108127048	57	0	0	56	1
11108200954108201074	33	0	0	32	1
1130281293028249	55	0	0	55	0
1130292463029366	59	0	1	58	0
11533814533934	83	0	1	82	0
11534228534348	75	0	15	67	0
116735262967352749	81	0	0	81	0
12121432055121432175	72	0	2	71	0
12121437098121437218	72	0	4	69	0
12122763632122763752	50	0	0	49	1
12122977276122977396	95	0	0	95	0
1212991581299278	40	0	0	39	1
122537849625378616	35	0	0	33	2
122537850225378622	35	0	0	33	2
122537853425378654	32	0	0	30	2
122537858725378707	33	0	0	30	3
122538016825380288	41	0	20	35	2
122538020925380329	40	0	0	38	2
122539819925398319	36	0	0	35	1
122539820825398328	36	0	0	35	1
122539822325398343	38	0	2	35	1
122780768727807807	68	0	0	67	1
122780960327809723	70	0	0	69	1
122781731927817439	51	0	5	47	1
125647874956478869	35	0	0	34	1
125647879456478914	65	0	29	37	1
125926829559268415	51	0	0	50	1
133289321432893334	50	0	0	50	0
133289920632899326	47	0	0	47	0
133290067632900796	33	0	0	32	1
133290636432906484	38	0	0	36	2
133290643532906555	38	0	0	36	2
133290655332906673	31	0	0	28	3
133290659832906718	30	0	0	27	3
133290666932906789	34	0	0	34	0
133290692332907043	36	0	0	33	3
133290695832907078	35	0	0	34	1
133290729332907413	39	5	2	35	1
133290736732907487	100	82	0	52	0
133291059632910716	34	0	0	33	1
133291091832911038	33	0	0	32	1
133291098832911108	33	0	1	30	2
133291117132911291	40	0	0	40	0
133291138332911503	71	0	0	71	0
133291157332911693	67	0	0	67	0
133291172032911840	42	0	0	41	1
133291178532911905	35	0	0	34	1
133291180832911928	31	0	0	30	1
133291182832911948	31	0	0	30	1
133291190732912027	32	0	0	29	3
133291200632912126	42	0	6	39	1
133291217032912290	48	0	0	48	0
133291221532912335	60	0	7	60	0
133291224932912369	74	0	20	72	0
133291243632912556	57	0	0	57	0
133291261032912730	41	0	0	41	0
133291274732912867	37	0	0	35	2
133291283732912957	41	0	0	41	0
133291303832913158	38	0	0	38	0
133291314132913261	31	0	0	28	3
133291322232913342	31	0	0	28	3
133291328732913407	43	0	0	42	1
133291377632913896	45	0	0	45	0
133291380232913922	35	0	0	35	0
133291386032913980	32	0	0	31	1
133291389932914019	33	0	0	33	0
133291406932914189	47	0	0	47	0
133291423532914355	48	0	0	48	0
133291441932914539	32	0	0	31	1
133291444232914562	32	0	0	30	2
133291449732914617	32	0	0	30	2
133291465232914772	31	0	0	28	3
133291467332914793	31	0	0	28	3
133291472232914842	37	0	0	36	1
133291490232915022	43	0	0	42	1
133291492532915045	43	0	0	42	1
133291508432915204	38	0	0	37	1
133291517032915290	43	0	0	42	1
133291524232915362	45	0	0	44	1
133291870232918822	84	0	0	84	0
133292898032929100	38	3	0	35	0
133292906232929182	32	0	0	27	5
133292917232929292	35	0	0	32	3
133292928532929405	36	0	0	35	1
133293055032930670	102	0	101	39	0
133293062832930748	32	0	0	29	3
133293068632930806	102	0	101	34	0
133293183432931954	52	0	0	52	0
133293661632936736	63	0	1	62	0
133293725532937375	35	0	0	33	2
133293728832937408	34	0	0	28	6
133293736332937483	31	0	0	27	4
133293740432937524	30	0	0	27	3
133293745632937576	35	1	0	33	1
133293748032937600	42	0	0	42	0
133294455232944672	35	0	0	34	1
133294456832944688	35	0	0	34	1
133294505932945179	41	0	0	41	0
133295080732950927	31	0	0	30	1
133295349132953611	42	0	0	41	1
133295411732954237	36	0	2	35	1
133295414432954264	36	0	0	36	0
133295415332954273	36	0	0	36	0
133297101232971132	52	0	13	40	0
133297107932971199	38	0	0	37	1
133297228232972402	43	0	14	37	1
133297230432972424	35	0	0	34	1
133297237532972495	32	0	0	29	3
133297248332972603	32	0	0	29	3
133297252832972648	34	0	4	30	1
133297256132972681	34	0	0	33	1
133297271532972835	31	0	0	28	3
133297278832972908	31	0	0	28	3
133297284332972963	32	0	0	31	1
14104139708104139828	50	0	3	49	1
14105246491105246611	67	0	0	67	0
149328270693282826	43	0	0	42	1
149328599393286113	66	0	0	65	1
155153495051535070	43	0	0	43	0
155265683952656959	57	0	0	56	1
156672738966727509	31	0	0	30	1
156672742366727543	37	0	0	36	1
156672907066729190	36	0	0	35	1
156672909966729219	35	0	0	34	1
156672911766729237	35	0	0	34	1
156677407166774191	57	0	0	57	0
156677736466777484	70	0	0	70	0
156678285566782975	60	0	0	60	0
158842018588420305	68	0	0	68	0
158872743488727554	62	0	0	62	0
159063177990631899	71	0	0	71	0
159063187490631994	73	0	0	73	0
1621302852130405	72	0	5	68	0
172955341729553537	78	0	4	75	0
172965298629653106	49	0	0	48	1
173786324337863363	45	0	5	40	0
173786329937863419	42	0	0	42	0
173786457837864698	63	0	0	63	0
173786459637864716	60	0	0	60	0
173786551937865639	51	0	0	50	1
173786559237865712	48	0	0	47	1
173786560637865726	49	0	0	49	0
173786629137866411	49	0	0	49	0
173786635337866473	59	0	12	52	0
173786638437866504	67	0	9	64	0
173786661137866731	67	0	0	67	0
173786814837868268	55	0	0	55	0
173786818137868301	58	0	0	58	0
173786857537868695	76	0	0	76	0
173787154137871661	57	0	0	57	0
173787277937872899	80	0	0	80	0
173787602037876140	69	0	8	65	0
173787953337879653	75	0	2	74	0
173787954737879667	74	0	0	74	0
173787959837879718	72	0	4	71	0
173787973437879854	99	0	87	69	0
173787977837879898	102	0	102	81	0
173788016037880280	53	0	0	53	0
173788016737880287	51	0	0	51	0
173788019937880319	51	0	0	51	0
173788020137880321	51	0	0	51	0
173788093037881050	50	0	0	50	0
173788095137881071	44	0	0	43	1
173788096137881081	42	0	0	41	1
173788105737881177	41	0	0	41	0
173788107137881191	44	0	0	44	0
173788126837881388	44	0	0	44	0
173788127237881392	44	0	0	44	0
173788133237881452	41	0	0	41	0
173788136537881485	48	0	0	48	0
173788155637881676	86	0	4	86	0
173788279937882919	63	0	0	63	0
173788282837882948	65	0	0	65	0
173788305737883177	62	0	5	58	0
173788315237883272	66	0	0	66	0
173788353737883657	53	0	0	53	0
173788356337883683	52	0	0	52	0
173788362937883749	69	0	0	69	0
173788415437884274	61	0	3	58	0
173788419737884317	56	0	0	56	0
174119764641197766	53	0	0	53	0
174120304741203167	47	0	0	46	1
174120903941209159	45	0	0	44	1
174120905541209175	44	0	0	43	1
174121531841215438	37	0	0	36	1
174121956541219685	34	0	0	33	1
174121959541219715	35	0	0	34	1
174121963341219753	42	0	0	41	1
174122304241223162	52	0	0	51	1
174122307141223191	51	0	0	50	1
174122635741226477	34	0	0	33	1
174122646741226587	39	0	0	38	1
174122848941228609	32	0	0	26	6
174122851541228635	31	0	0	26	5
174123441541234535	30	0	0	29	1
174123445741234577	31	0	0	27	4
174123452841234648	35	0	0	33	2
174124295541243075	41	0	0	40	1
174124371541243835	45	0	0	44	1
174124394041244060	36	0	0	33	3
174124419041244310	38	0	0	37	1
174124436541244485	32	0	0	27	5
174124440641244526	26	0	0	21	5
174124444341244563	28	0	0	21	7
174124449041244610	29	0	0	22	7
174124451741244637	28	0	0	22	6
174124462141244741	35	0	0	31	4
174124475741244877	28	0	0	23	5
174124478041244900	28	0	0	23	5
174124480941244929	28	0	0	23	5
174124482941244949	29	0	0	24	5
174124487641244996	32	0	0	30	2
174124540641245526	36	0	0	35	1
174124565941245779	32	0	0	30	2
174124571841245838	30	0	0	25	5
174124577441245894	31	0	0	25	6
174124591141246031	33	0	0	29	4
174124594941246069	33	0	0	30	3
174124612941246249	38	0	0	37	1
174124638541246505	31	0	0	26	5
174124647241246592	30	0	0	25	5
174124649741246617	32	0	0	28	4
174124673341246853	53	0	0	52	1
174124780541247925	31	0	0	30	1
174125612041256240	45	0	0	44	1
174125613841256258	53	0	1	52	1
174125686941256989	40	0	0	39	1
174127599141276111	63	0	0	62	1
174127602341276143	65	0	0	65	0
175776310957763229	58	0	0	57	1
175776801257768132	66	0	0	65	1
176652199366522113	42	0	0	41	1
1775739517574071	53	0	1	52	0
1775769607577080	53	0	5	48	0
1775770337577153	43	0	0	43	0
1775770567577176	53	0	6	47	0
1775770797577199	99	0	77	63	0
1775774387577558	45	0	0	45	0
1775774827577602	46	0	0	46	0
1775775037577623	49	0	0	49	0
1775775207577640	57	0	0	57	0
1775775497577669	66	0	0	66	0
1775781407578260	50	0	0	50	0
1775781527578272	50	0	0	50	0
1775782057578325	47	0	0	47	0
1775782207578340	47	0	1	47	0
1775783107578430	49	0	1	48	0
1775783417578461	53	0	5	48	0
1775783927578512	53	0	3	50	0
1775784577578577	51	0	0	51	0
1775784967578616	57	0	3	55	0
1775793557579475	92	0	33	88	0
1775796397579759	102	2	11	102	0
184859183648591956	38	0	0	37	1
184859185948591979	41	0	0	40	1
184860294248603061	83	0	45	63	0
184860472748604847	49	0	0	48	1
191620448416204604	60	0	0	60	0
1931149523115072	85	0	7	82	0
1931188823119002	81	0	3	79	0
194405566644055786	90	0	45	81	0
194405751644057636	78	0	0	78	0
194592359445923714	78	0	0	78	0
X6495864464958764	78	0	17	68	0
X6495877164958891	50	0	0	49	1
X6495880764958927	53	0	0	53	0
